iterbest_yelp_b3      :  acc_cla: 0.9380 acc_mod: 0.8280 bleu_cla: 20.3853 bleu_mod: 20.6515 ppl_cla: 57.6984 ppl_mod: 69.3316

roberta-large_L17_no-idf_version=0.3.9(hug_trans=4.5.1) P: 0.910618 R: 0.920512 F1: 0.915417

roberta-large_L17_no-idf_version=0.3.9(hug_trans=4.5.1) P: 0.920490 R: 0.925357 F1: 0.922755